function [x, y] = signal1(n)
x = 0:1/(n-1):1;
y = 1./(1+100*(x-0.2).^2) + 1./(1+500*(x-0.4).^2) + 1./(1+1000*(x-0.6).^2) + 1./(1+10000*(x-0.8).^2);
